{
  "clip_id": "0347d9f9-1493-4954-865d-1d8464e28501",
  "chain_of_causation": "Nudge left to increase clearance from the parked vehicle on the right shoulder.",
  "metrics": {
    "minADE": 1.6575517654418945,
    "maxError": 9.04666805267334
  },
  "trajectory": {
    "num_waypoints": 64,
    "duration_sec": 6.4,
    "predicted_xyz": [
      [
        1.4367382526397705,
        -0.013967049308121204,
        0.0
      ],
      [
        2.873857021331787,
        -0.055727288126945496,
        0.0
      ],
      [
        4.311766624450684,
        -0.1252189576625824,
        0.0
      ],
      [
        5.750699043273926,
        -0.22299495339393616,
        0.0
      ],
      [
        7.1904296875,
        -0.3498925566673279,
        0.0
      ],
      [
        8.630258560180664,
        -0.5060046315193176,
        0.0
      ],
      [
        10.069145202636719,
        -0.6911362409591675,
        0.0
      ],
      [
        11.506088256835938,
        -0.9050235748291016,
        0.0
      ],
      [
        12.940255165100098,
        -1.1469625234603882,
        0.0
      ],
      [
        14.370819091796875,
        -1.4162242412567139,
        0.0
      ],
      [
        15.796753883361816,
        -1.7119942903518677,
        0.0
      ],
      [
        17.217010498046875,
        -2.0334653854370117,
        0.0
      ],
      [
        18.63091278076172,
        -2.3800315856933594,
        0.0
      ],
      [
        20.038284301757812,
        -2.7508339881896973,
        0.0
      ],
      [
        21.439212799072266,
        -3.145350933074951,
        0.0
      ],
      [
        22.833702087402344,
        -3.5633606910705566,
        0.0
      ],
      [
        24.221553802490234,
        -4.004693984985352,
        0.0
      ],
      [
        25.602401733398438,
        -4.469537734985352,
        0.0
      ],
      [
        26.976070404052734,
        -4.957690715789795,
        0.0
      ],
      [
        28.34239959716797,
        -5.469222068786621,
        0.0
      ],
      [
        29.701087951660156,
        -6.004514694213867,
        0.0
      ],
      [
        31.05181312561035,
        -6.563565731048584,
        0.0
      ],
      [
        32.39405059814453,
        -7.146471977233887,
        0.0
      ],
      [
        33.72736358642578,
        -7.753015041351318,
        0.0
      ],
      [
        35.05143356323242,
        -8.382978439331055,
        0.0
      ],
      [
        36.365840911865234,
        -9.036705017089844,
        0.0
      ],
      [
        37.670555114746094,
        -9.713857650756836,
        0.0
      ],
      [
        38.96574401855469,
        -10.413627624511719,
        0.0
      ],
      [
        40.251068115234375,
        -11.136064529418945,
        0.0
      ],
      [
        41.52596664428711,
        -11.881579399108887,
        0.0
      ],
      [
        42.79003143310547,
        -12.650350570678711,
        0.0
      ],
      [
        44.042930603027344,
        -13.442981719970703,
        0.0
      ],
      [
        45.28499221801758,
        -14.260093688964844,
        0.0
      ],
      [
        46.51716613769531,
        -15.102177619934082,
        0.0
      ],
      [
        47.740684509277344,
        -15.970027923583984,
        0.0
      ],
      [
        48.95640563964844,
        -16.864486694335938,
        0.0
      ],
      [
        50.16425704956055,
        -17.785686492919922,
        0.0
      ],
      [
        51.363616943359375,
        -18.733013153076172,
        0.0
      ],
      [
        52.553863525390625,
        -19.70553970336914,
        0.0
      ],
      [
        53.73493194580078,
        -20.702056884765625,
        0.0
      ],
      [
        54.90727233886719,
        -21.721662521362305,
        0.0
      ],
      [
        56.07151794433594,
        -22.764183044433594,
        0.0
      ],
      [
        57.2286376953125,
        -23.8294677734375,
        0.0
      ],
      [
        58.379512786865234,
        -24.917236328125,
        0.0
      ],
      [
        59.524742126464844,
        -26.026927947998047,
        0.0
      ],
      [
        60.66558837890625,
        -27.157306671142578,
        0.0
      ],
      [
        61.80324172973633,
        -28.307125091552734,
        0.0
      ],
      [
        62.938175201416016,
        -29.475666046142578,
        0.0
      ],
      [
        64.07112121582031,
        -30.661745071411133,
        0.0
      ],
      [
        65.20320892333984,
        -31.863693237304688,
        0.0
      ],
      [
        66.3350830078125,
        -33.080352783203125,
        0.0
      ],
      [
        67.46759033203125,
        -34.31037139892578,
        0.0
      ],
      [
        68.60145568847656,
        -35.552772521972656,
        0.0
      ],
      [
        69.73762512207031,
        -36.806640625,
        0.0
      ],
      [
        70.87670135498047,
        -38.071048736572266,
        0.0
      ],
      [
        72.01797485351562,
        -39.34580612182617,
        0.0
      ],
      [
        73.16096496582031,
        -40.630577087402344,
        0.0
      ],
      [
        74.30517578125,
        -41.92525100708008,
        0.0
      ],
      [
        75.4504623413086,
        -43.22978973388672,
        0.0
      ],
      [
        76.59689331054688,
        -44.5443229675293,
        0.0
      ],
      [
        77.74420166015625,
        -45.86935806274414,
        0.0
      ],
      [
        78.89219665527344,
        -47.20500946044922,
        0.0
      ],
      [
        80.04057312011719,
        -48.55144500732422,
        0.0
      ],
      [
        81.18911743164062,
        -49.908653259277344,
        0.0
      ]
    ],
    "predicted_rotation": [
      [
        [
          0.999811053276062,
          0.019437778741121292,
          0.0
        ],
        [
          -0.019437778741121292,
          0.999811053276062,
          0.0
        ],
        [
          0.0,
          0.0,
          1.0
        ]
      ],
      [
        [
          0.9992530941963196,
          0.03864243999123573,
          0.0
        ],
        [
          -0.03864243999123573,
          0.9992530941963196,
          0.0
        ],
        [
          0.0,
          0.0,
          1.0
        ]
      ],
      [
        [
          0.9983235001564026,
          0.05788122117519379,
          0.0
        ],
        [
          -0.05788122117519379,
          0.9983235001564026,
          0.0
        ],
        [
          0.0,
          0.0,
          1.0
        ]
      ],
      [
        [
          0.9969783425331116,
          0.07767972350120544,
          0.0
        ],
        [
          -0.07767972350120544,
          0.9969783425331116,
          0.0
        ],
        [
          0.0,
          0.0,
          1.0
        ]
      ],
      [
        [
          0.9951974153518677,
          0.09788813441991806,
          0.0
        ],
        [
          -0.09788813441991806,
          0.9951974153518677,
          0.0
        ],
        [
          0.0,
          0.0,
          1.0
        ]
      ],
      [
        [
          0.993053138256073,
          0.11766687035560608,
          0.0
        ],
        [
          -0.11766687035560608,
          0.993053138256073,
          0.0
        ],
        [
          0.0,
          0.0,
          1.0
        ]
      ],
      [
        [
          0.9904979467391968,
          0.13752765953540802,
          0.0
        ],
        [
          -0.13752765953540802,
          0.9904979467391968,
          0.0
        ],
        [
          0.0,
          0.0,
          1.0
        ]
      ],
      [
        [
          0.9876145720481873,
          0.15689966082572937,
          0.0
        ],
        [
          -0.15689966082572937,
          0.9876145720481873,
          0.0
        ],
        [
          0.0,
          0.0,
          1.0
        ]
      ],
      [
        [
          0.9844316840171814,
          0.17576779425144196,
          0.0
        ],
        [
          -0.17576779425144196,
          0.9844316840171814,
          0.0
        ],
        [
          0.0,
          0.0,
          1.0
        ]
      ],
      [
        [
          0.9809709191322327,
          0.1941547840833664,
          0.0
        ],
        [
          -0.1941547840833664,
          0.9809709191322327,
          0.0
        ],
        [
          0.0,
          0.0,
          1.0
        ]
      ],
      [
        [
          0.9772642254829407,
          0.2120250016450882,
          0.0
        ],
        [
          -0.2120250016450882,
          0.9772642254829407,
          0.0
        ],
        [
          0.0,
          0.0,
          1.0
        ]
      ],
      [
        [
          0.973312258720398,
          0.2294846922159195,
          0.0
        ],
        [
          -0.2294846922159195,
          0.973312258720398,
          0.0
        ],
        [
          0.0,
          0.0,
          1.0
        ]
      ],
      [
        [
          0.9691092371940613,
          0.24663187563419342,
          0.0
        ],
        [
          -0.24663187563419342,
          0.9691092371940613,
          0.0
        ],
        [
          0.0,
          0.0,
          1.0
        ]
      ],
      [
        [
          0.9648216962814331,
          0.2629050314426422,
          0.0
        ],
        [
          -0.2629050314426422,
          0.9648216962814331,
          0.0
        ],
        [
          0.0,
          0.0,
          1.0
        ]
      ],
      [
        [
          0.9602304100990295,
          0.279208779335022,
          0.0
        ],
        [
          -0.279208779335022,
          0.9602304100990295,
          0.0
        ],
        [
          0.0,
          0.0,
          1.0
        ]
      ],
      [
        [
          0.9554847478866577,
          0.2950405478477478,
          0.0
        ],
        [
          -0.2950405478477478,
          0.9554847478866577,
          0.0
        ],
        [
          0.0,
          0.0,
          1.0
        ]
      ],
      [
        [
          0.9504022598266602,
          0.31102341413497925,
          0.0
        ],
        [
          -0.31102341413497925,
          0.9504022598266602,
          0.0
        ],
        [
          0.0,
          0.0,
          1.0
        ]
      ],
      [
        [
          0.9450114369392395,
          0.3270372748374939,
          0.0
        ],
        [
          -0.3270372748374939,
          0.9450114369392395,
          0.0
        ],
        [
          0.0,
          0.0,
          1.0
        ]
      ],
      [
        [
          0.9394689798355103,
          0.34263402223587036,
          0.0
        ],
        [
          -0.34263402223587036,
          0.9394689798355103,
          0.0
        ],
        [
          0.0,
          0.0,
          1.0
        ]
      ],
      [
        [
          0.9335031509399414,
          0.35856926441192627,
          0.0
        ],
        [
          -0.35856926441192627,
          0.9335031509399414,
          0.0
        ],
        [
          0.0,
          0.0,
          1.0
        ]
      ],
      [
        [
          0.9272246360778809,
          0.3745056688785553,
          0.0
        ],
        [
          -0.3745056688785553,
          0.9272246360778809,
          0.0
        ],
        [
          0.0,
          0.0,
          1.0
        ]
      ],
      [
        [
          0.9206816554069519,
          0.3903144299983978,
          0.0
        ],
        [
          -0.3903144299983978,
          0.9206816554069519,
          0.0
        ],
        [
          0.0,
          0.0,
          1.0
        ]
      ],
      [
        [
          0.9137296080589294,
          0.40632280707359314,
          0.0
        ],
        [
          -0.40632280707359314,
          0.9137296080589294,
          0.0
        ],
        [
          0.0,
          0.0,
          1.0
        ]
      ],
      [
        [
          0.9066875576972961,
          0.42180293798446655,
          0.0
        ],
        [
          -0.42180293798446655,
          0.9066875576972961,
          0.0
        ],
        [
          0.0,
          0.0,
          1.0
        ]
      ],
      [
        [
          0.8992584943771362,
          0.43741756677627563,
          0.0
        ],
        [
          -0.43741756677627563,
          0.8992584943771362,
          0.0
        ],
        [
          0.0,
          0.0,
          1.0
        ]
      ],
      [
        [
          0.8914222121238708,
          0.4531737267971039,
          0.0
        ],
        [
          -0.4531737267971039,
          0.8914222121238708,
          0.0
        ],
        [
          0.0,
          0.0,
          1.0
        ]
      ],
      [
        [
          0.8836768269538879,
          0.4680974781513214,
          0.0
        ],
        [
          -0.4680974781513214,
          0.8836768269538879,
          0.0
        ],
        [
          0.0,
          0.0,
          1.0
        ]
      ],
      [
        [
          0.875872790813446,
          0.4825420379638672,
          0.0
        ],
        [
          -0.4825420379638672,
          0.875872790813446,
          0.0
        ],
        [
          0.0,
          0.0,
          1.0
        ]
      ],
      [
        [
          0.867543637752533,
          0.49736103415489197,
          0.0
        ],
        [
          -0.49736103415489197,
          0.867543637752533,
          0.0
        ],
        [
          0.0,
          0.0,
          1.0
        ]
      ],
      [
        [
          0.8588826060295105,
          0.5121725797653198,
          0.0
        ],
        [
          -0.5121725797653198,
          0.8588826060295105,
          0.0
        ],
        [
          0.0,
          0.0,
          1.0
        ]
      ],
      [
        [
          0.8498553037643433,
          0.5270161032676697,
          0.0
        ],
        [
          -0.5270161032676697,
          0.8498553037643433,
          0.0
        ],
        [
          0.0,
          0.0,
          1.0
        ]
      ],
      [
        [
          0.8402587175369263,
          0.5421856641769409,
          0.0
        ],
        [
          -0.5421856641769409,
          0.8402587175369263,
          0.0
        ],
        [
          0.0,
          0.0,
          1.0
        ]
      ],
      [
        [
          0.8305463194847107,
          0.5569495558738708,
          0.0
        ],
        [
          -0.5569495558738708,
          0.8305463194847107,
          0.0
        ],
        [
          0.0,
          0.0,
          1.0
        ]
      ],
      [
        [
          0.820639967918396,
          0.571445643901825,
          0.0
        ],
        [
          -0.571445643901825,
          0.820639967918396,
          0.0
        ],
        [
          0.0,
          0.0,
          1.0
        ]
      ],
      [
        [
          0.8106265664100647,
          0.5855635404586792,
          0.0
        ],
        [
          -0.5855635404586792,
          0.8106265664100647,
          0.0
        ],
        [
          0.0,
          0.0,
          1.0
        ]
      ],
      [
        [
          0.8002994060516357,
          0.599600613117218,
          0.0
        ],
        [
          -0.599600613117218,
          0.8002994060516357,
          0.0
        ],
        [
          0.0,
          0.0,
          1.0
        ]
      ],
      [
        [
          0.789948582649231,
          0.6131731271743774,
          0.0
        ],
        [
          -0.6131731271743774,
          0.789948582649231,
          0.0
        ],
        [
          0.0,
          0.0,
          1.0
        ]
      ],
      [
        [
          0.7794963121414185,
          0.6264069080352783,
          0.0
        ],
        [
          -0.6264069080352783,
          0.7794963121414185,
          0.0
        ],
        [
          0.0,
          0.0,
          1.0
        ]
      ],
      [
        [
          0.7692338228225708,
          0.6389673948287964,
          0.0
        ],
        [
          -0.6389673948287964,
          0.7692338228225708,
          0.0
        ],
        [
          0.0,
          0.0,
          1.0
        ]
      ],
      [
        [
          0.7593358755111694,
          0.6506989002227783,
          0.0
        ],
        [
          -0.6506989002227783,
          0.7593358755111694,
          0.0
        ],
        [
          0.0,
          0.0,
          1.0
        ]
      ],
      [
        [
          0.7497483491897583,
          0.6617231369018555,
          0.0
        ],
        [
          -0.6617231369018555,
          0.7497483491897583,
          0.0
        ],
        [
          0.0,
          0.0,
          1.0
        ]
      ],
      [
        [
          0.7401972413063049,
          0.672389805316925,
          0.0
        ],
        [
          -0.672389805316925,
          0.7401972413063049,
          0.0
        ],
        [
          0.0,
          0.0,
          1.0
        ]
      ],
      [
        [
          0.7311981320381165,
          0.6821651458740234,
          0.0
        ],
        [
          -0.6821651458740234,
          0.7311981320381165,
          0.0
        ],
        [
          0.0,
          0.0,
          1.0
        ]
      ],
      [
        [
          0.7223054766654968,
          0.691574215888977,
          0.0
        ],
        [
          -0.691574215888977,
          0.7223054766654968,
          0.0
        ],
        [
          0.0,
          0.0,
          1.0
        ]
      ],
      [
        [
          0.7140195965766907,
          0.7001257538795471,
          0.0
        ],
        [
          -0.7001257538795471,
          0.7140195965766907,
          0.0
        ],
        [
          0.0,
          0.0,
          1.0
        ]
      ],
      [
        [
          0.7067041993141174,
          0.7075091600418091,
          0.0
        ],
        [
          -0.7075091600418091,
          0.7067041993141174,
          0.0
        ],
        [
          0.0,
          0.0,
          1.0
        ]
      ],
      [
        [
          0.6999781727790833,
          0.7141642570495605,
          0.0
        ],
        [
          -0.7141642570495605,
          0.6999781727790833,
          0.0
        ],
        [
          0.0,
          0.0,
          1.0
        ]
      ],
      [
        [
          0.6934629082679749,
          0.7204923629760742,
          0.0
        ],
        [
          -0.7204923629760742,
          0.6934629082679749,
          0.0
        ],
        [
          0.0,
          0.0,
          1.0
        ]
      ],
      [
        [
          0.6879979968070984,
          0.7257126569747925,
          0.0
        ],
        [
          -0.7257126569747925,
          0.6879979968070984,
          0.0
        ],
        [
          0.0,
          0.0,
          1.0
        ]
      ],
      [
        [
          0.6832770705223083,
          0.7301592826843262,
          0.0
        ],
        [
          -0.7301592826843262,
          0.6832770705223083,
          0.0
        ],
        [
          0.0,
          0.0,
          1.0
        ]
      ],
      [
        [
          0.6789976358413696,
          0.7341405153274536,
          0.0
        ],
        [
          -0.7341405153274536,
          0.6789976358413696,
          0.0
        ],
        [
          0.0,
          0.0,
          1.0
        ]
      ],
      [
        [
          0.6756994128227234,
          0.737177312374115,
          0.0
        ],
        [
          -0.737177312374115,
          0.6756994128227234,
          0.0
        ],
        [
          0.0,
          0.0,
          1.0
        ]
      ],
      [
        [
          0.6725211143493652,
          0.7400779724121094,
          0.0
        ],
        [
          -0.7400779724121094,
          0.6725211143493652,
          0.0
        ],
        [
          0.0,
          0.0,
          1.0
        ]
      ],
      [
        [
          0.6704234480857849,
          0.7419787049293518,
          0.0
        ],
        [
          -0.7419787049293518,
          0.6704234480857849,
          0.0
        ],
        [
          0.0,
          0.0,
          1.0
        ]
      ],
      [
        [
          0.6682350635528564,
          0.7439502477645874,
          0.0
        ],
        [
          -0.7439502477645874,
          0.6682350635528564,
          0.0
        ],
        [
          0.0,
          0.0,
          1.0
        ]
      ],
      [
        [
          0.6658178567886353,
          0.7461143732070923,
          0.0
        ],
        [
          -0.7461143732070923,
          0.6658178567886353,
          0.0
        ],
        [
          0.0,
          0.0,
          1.0
        ]
      ],
      [
        [
          0.6635453104972839,
          0.7481361031532288,
          0.0
        ],
        [
          -0.7481361031532288,
          0.6635453104972839,
          0.0
        ],
        [
          0.0,
          0.0,
          1.0
        ]
      ],
      [
        [
          0.6609103083610535,
          0.750464916229248,
          0.0
        ],
        [
          -0.750464916229248,
          0.6609103083610535,
          0.0
        ],
        [
          0.0,
          0.0,
          1.0
        ]
      ],
      [
        [
          0.658589243888855,
          0.7525026798248291,
          0.0
        ],
        [
          -0.7525026798248291,
          0.658589243888855,
          0.0
        ],
        [
          0.0,
          0.0,
          1.0
        ]
      ],
      [
        [
          0.6559686064720154,
          0.7547882199287415,
          0.0
        ],
        [
          -0.7547882199287415,
          0.6559686064720154,
          0.0
        ],
        [
          0.0,
          0.0,
          1.0
        ]
      ],
      [
        [
          0.6531963348388672,
          0.7571885585784912,
          0.0
        ],
        [
          -0.7571885585784912,
          0.6531963348388672,
          0.0
        ],
        [
          0.0,
          0.0,
          1.0
        ]
      ],
      [
        [
          0.6504561901092529,
          0.759543776512146,
          0.0
        ],
        [
          -0.759543776512146,
          0.6504561901092529,
          0.0
        ],
        [
          0.0,
          0.0,
          1.0
        ]
      ],
      [
        [
          0.6474051475524902,
          0.7621460556983948,
          0.0
        ],
        [
          -0.7621460556983948,
          0.6474051475524902,
          0.0
        ],
        [
          0.0,
          0.0,
          1.0
        ]
      ],
      [
        [
          0.6445744037628174,
          0.7645416259765625,
          0.0
        ],
        [
          -0.7645416259765625,
          0.6445744037628174,
          0.0
        ],
        [
          0.0,
          0.0,
          1.0
        ]
      ]
    ]
  },
  "timestamp": "2026-01-14T09:41:40.528547"
}